start.p	end.p	type	nexons	start	end	chromosome	id	BF	reads.expected	reads.observed	reads.ratio
302750	303010	deletion	261	106110836	106471449	14	chr14:106110836-106471449	645	9410	3044	0.323
160207	160247	deletion	41	55371055	55419293	11	chr11:55371055-55419293	179	1223	0	0
779966	780003	deletion	38	180375319	180429757	5	chr5:180375319-180429757	158	1064	2	0.00188
539898	539947	deletion	50	89156767	89266030	2	chr2:89156767-89266030	137	1580	410	0.259
303456	303549	duplication	94	22319111	22489973	15	chr15:22319111-22489973	99.9	5148	9505	1.85
303030	303132	deletion	103	106573460	106780802	14	chr14:106573460-106780802	60.4	4059	2398	0.591
650292	650402	duplication	111	19920763	20043407	3	chr3:19920763-20043407	53.3	3789	5537	1.46
199887	199904	deletion	18	68345	92902	12	chr12:68345-92902	52.2	2338	1223	0.523
875346	875359	deletion	14	7877623	7923487	8	chr8:7877623-7923487	50.3	2126	691	0.325
492268	492299	deletion	32	41356236	41388108	19	chr19:41356236-41388108	49.3	1767	797	0.451
144749	144758	deletion	10	5798873	5809116	11	chr11:5798873-5809116	44.8	322	0	0
625299	625361	deletion	63	23161490	23237625	22	chr22:23161490-23237625	42	2014	1107	0.55
303366	303402	duplication	37	20444678	20671384	15	chr15:20444678-20671384	38.8	2658	4877	1.83
62509	62595	duplication	87	155237634	155258199	1	chr1:155237634-155258199	37.7	3108	4480	1.44
875254	875270	deletion	17	7114513	7147899	8	chr8:7114513-7147899	31.8	5598	2449	0.437
307501	307527	deletion	27	34781554	34819936	15	chr15:34781554-34819936	30.9	896	439	0.49
508947	508966	deletion	20	54725213	54754662	19	chr19:54725213-54754662	28	806	376	0.467
796599	796638	deletion	40	35754693	35765039	6	chr6:35754693-35765039	27.8	2049	1171	0.571
875317	875327	deletion	11	7406542	7438491	8	chr8:7406542-7438491	27.2	1798	634	0.353
854036	854057	deletion	22	100333364	100336081	7	chr7:100333364-100336081	25.8	599	244	0.407
790103	790126	deletion	24	31371383	31431743	6	chr6:31371383-31431743	22.8	983	519	0.528
626135	626167	deletion	33	24345683	24384126	22	chr22:24345683-24384126	22.2	1126	603	0.536
650470	650514	duplication	45	20189503	20225516	3	chr3:20189503-20225516	21.7	1473	2138	1.45
134858	134891	duplication	34	124345348	124353085	10	chr10:124345348-124353085	21.4	1413	2131	1.51
539978	539986	deletion	9	89416984	89475672	2	chr2:89416984-89475672	21.4	255	78	0.306
621828	621848	deletion	21	18685954	18842381	22	chr22:18685954-18842381	18.8	2523	1707	0.677
490669	490683	deletion	15	40389330	40399155	19	chr19:40389330-40399155	16.9	571	266	0.466
62462	62494	duplication	33	155228618	155234543	1	chr1:155228618-155234543	16	1057	1541	1.46
494842	494859	deletion	18	43702029	43762498	19	chr19:43702029-43762498	15	550	296	0.538
303431	303450	duplication	20	20777853	21145496	15	chr15:20777853-21145496	14.3	943	1562	1.66
876435	876442	deletion	8	12232552	12287609	8	chr8:12232552-12287609	13.6	216	78	0.361
270832	270861	duplication	30	20403749	20404708	14	chr14:20403749-20404708	13.2	1345	1888	1.4
270805	270824	duplication	20	20388733	20389594	14	chr14:20388733-20389594	12.4	625	976	1.56
356036	356045	deletion	10	28618013	28619967	16	chr16:28618013-28619967	11.9	417	233	0.559
70116	70131	duplication	16	161559470	161600930	1	chr1:161559470-161600930	11.6	698	1094	1.57
303193	303206	deletion	14	106962811	106967335	14	chr14:106962811-106967335	11.4	516	263	0.51
11246	11257	duplication	12	16892661	16893835	1	chr1:16892661-16893835	11	3972	6413	1.61
356064	356066	deletion	3	28649781	28659330	16	chr16:28649781-28659330	11	140	33	0.236
676454	676455	deletion	2	101231852	101231865	3	chr3:101231852-101231865	10.6	77	0	0
58581	58592	deletion	12	152186528	152188193	1	chr1:152186528-152188193	10.5	3713	2140	0.576
624382	624387	deletion	6	21576095	21637651	22	chr22:21576095-21637651	10.5	612	276	0.451
708227	708232	deletion	6	9212717	9217343	4	chr4:9212717-9217343	10.1	1957	1278	0.653
749200	749210	deletion	11	70308417	70404869	5	chr5:70308417-70404869	9.61	455	240	0.527
17510	17523	deletion	14	25599247	25629602	1	chr1:25599247-25629602	9.52	484	264	0.545
303145	303156	deletion	12	106829924	106845566	14	chr14:106829924-106845566	9.39	385	192	0.499
350391	350396	deletion	6	16349554	16367808	16	chr16:16349554-16367808	9.37	157	64	0.408
650419	650430	duplication	12	20142777	20156445	3	chr3:20142777-20156445	9.15	372	614	1.65
477193	477195	deletion	3	17313077	17313784	19	chr19:17313077-17313784	9.04	98	14	0.143
708218	708223	deletion	6	9175386	9177874	4	chr4:9175386-9177874	9.02	2503	1055	0.421
875332	875336	deletion	5	7582623	7628978	8	chr8:7582623-7628978	8.95	1977	975	0.493
542008	542016	deletion	9	97864210	97867848	2	chr2:97864210-97867848	8.69	330	176	0.533
829169	829170	deletion	2	170176571	170176581	6	chr6:170176571-170176581	8.64	80	4	0.05
582653	582655	deletion	3	241631245	241631510	2	chr2:241631245-241631510	8.5	86	12	0.14
502200	502202	deletion	3	49539498	49539540	19	chr19:49539498-49539540	8.49	111	60	0.541
53712	53721	deletion	10	144158912	144163720	1	chr1:144158912-144163720	8.48	2990	2177	0.728
916090	916094	deletion	5	42313800	42372168	9	chr9:42313800-42372168	8.09	274	149	0.544
585338	585347	deletion	10	1558886	1559322	20	chr20:1558886-1559322	7.43	384	203	0.529
509068	509077	duplication	10	54802543	54804192	19	chr19:54802543-54804192	7.39	322	538	1.67
124352	124353	deletion	2	98901399	98901426	10	chr10:98901399-98901426	7.2	110	31	0.282
338603	338604	deletion	2	216053	216065	16	chr16:216053-216065	7.02	63	7	0.111
155546	155547	deletion	2	35227706	35227759	11	chr11:35227706-35227759	7	49	2	0.0408
9224	9230	deletion	7	12853477	12854927	1	chr1:12853477-12854927	6.97	222	98	0.441
363650	363654	deletion	5	55801149	55810787	16	chr16:55801149-55810787	6.93	147	55	0.374
303183	303183	deletion	1	106878063	106878064	14	chr14:106878063-106878064	6.92	59	0	0
561325	561328	deletion	4	179517097	179522747	2	chr2:179517097-179522747	6.82	179	103	0.575
828312	828317	deletion	6	167590508	167595365	6	chr6:167590508-167595365	6.82	193	113	0.585
944112	944112	deletion	1	139848268	139848269	9	chr9:139848268-139848269	6.8	57	0	0
625652	625652	deletion	1	23652494	23652495	22	chr22:23652494-23652495	6.74	64	1	0.0156
765101	765102	deletion	2	140615750	140616016	5	chr5:140615750-140616016	6.65	46	2	0.0435
328167	328171	deletion	5	75580575	75586729	15	chr15:75580575-75586729	6.63	157	57	0.363
445169	445170	deletion	2	21124878	21124881	18	chr18:21124878-21124881	6.62	68	9	0.132
504288	504289	deletion	2	50473284	50473846	19	chr19:50473284-50473846	6.51	77	17	0.221
711085	711087	deletion	3	30724431	30724467	4	chr4:30724431-30724467	6.5	62	16	0.258
1657	1657	deletion	1	1636036	1636037	1	chr1:1636036-1636037	6.47	52	0	0
436290	436290	deletion	1	78157559	78157560	17	chr17:78157559-78157560	6.43	52	0	0
701667	701670	deletion	4	195505755	195508444	3	chr3:195505755-195508444	6.36	343	164	0.478
410035	410035	deletion	1	39134542	39134543	17	chr17:39134542-39134543	6.35	51	0	0
928681	928681	deletion	1	116770772	116770773	9	chr9:116770772-116770773	6.32	50	0	0
540052	540053	deletion	2	90212167	90229086	2	chr2:90212167-90229086	6.26	57	8	0.14
410056	410057	deletion	2	39139339	39139361	17	chr17:39139339-39139361	6.25	64	11	0.172
105407	105410	deletion	4	23408182	23408273	10	chr10:23408182-23408273	6.09	141	68	0.482
592166	592166	deletion	1	25754173	25754174	20	chr20:25754173-25754174	6.01	46	0	0
140744	140744	deletion	1	1082372	1082373	11	chr11:1082372-1082373	5.97	46	0	0
285007	285009	deletion	3	62120342	62120383	14	chr14:62120342-62120383	5.96	72	22	0.306
444276	444277	deletion	2	14146192	14147913	18	chr18:14146192-14147913	5.96	50	6	0.12
161098	161101	deletion	4	57087973	57089109	11	chr11:57087973-57089109	5.92	106	42	0.396
706420	706420	deletion	1	5021003	5021004	4	chr4:5021003-5021004	5.92	45	0	0
405814	405814	deletion	1	34625492	34625493	17	chr17:34625492-34625493	5.83	44	0	0
843538	843538	deletion	1	55750382	55750383	7	chr7:55750382-55750383	5.79	43	0	0
957147	957148	deletion	2	55649951	55650188	X	chrX:55649951-55650188	5.71	31	0	0
540003	540004	deletion	2	89952905	89975464	2	chr2:89952905-89975464	5.7	37	2	0.0541
965571	965572	deletion	2	119211048	119243021	X	chrX:119211048-119243021	5.68	53	9	0.17
365290	365291	deletion	2	57637226	57637236	16	chr16:57637226-57637236	5.61	41	4	0.0976
843856	843856	deletion	1	62910302	62910303	7	chr7:62910302-62910303	5.6	41	0	0
424773	424773	deletion	1	60361533	60361534	17	chr17:60361533-60361534	5.59	41	0	0
540010	540010	deletion	1	89986875	89986876	2	chr2:89986875-89986876	5.59	41	0	0
838909	838910	deletion	2	38279644	38279732	7	chr7:38279644-38279732	5.54	57	12	0.211
946162	946163	deletion	2	141111343	141111346	9	chr9:141111343-141111346	5.48	163	53	0.325
37228	37229	deletion	2	54692784	54692819	1	chr1:54692784-54692819	5.46	54	7	0.13
919927	919927	deletion	1	90473737	90473738	9	chr9:90473737-90473738	5.46	39	0	0
305728	305728	deletion	1	30664415	30664416	15	chr15:30664415-30664416	5.41	39	0	0
109502	109502	deletion	1	48260867	48260868	10	chr10:48260867-48260868	5.4	39	0	0
290695	290695	deletion	1	74976882	74976883	14	chr14:74976882-74976883	5.26	37	0	0
891742	891743	deletion	2	86574775	86575667	8	chr8:86574775-86575667	5.22	273	124	0.454
864107	864108	deletion	2	134851311	134851353	7	chr7:134851311-134851353	5.2	51	10	0.196
716726	716727	deletion	2	70156133	70156307	4	chr4:70156133-70156307	5.19	54	12	0.222
141905	141907	deletion	3	1911400	1911697	11	chr11:1911400-1911697	5.13	65	19	0.292
840144	840145	deletion	2	44040777	44040853	7	chr7:44040777-44040853	5.13	42	6	0.143
605757	605757	deletion	1	55033557	55033558	20	chr20:55033557-55033558	5.08	35	0	0
178695	178695	deletion	1	72308506	72308507	11	chr11:72308506-72308507	5.05	35	0	0
438256	438256	deletion	1	79612324	79612325	17	chr17:79612324-79612325	4.99	34	0	0
788080	788080	deletion	1	29855738	29855739	6	chr6:29855738-29855739	4.96	34	0	0
74840	74841	deletion	2	176738802	176738855	1	chr1:176738802-176738855	4.92	43	6	0.14
140735	140736	deletion	2	1080866	1080876	11	chr11:1080866-1080876	4.91	47	8	0.17
868708	868708	deletion	1	143417742	143417743	7	chr7:143417742-143417743	4.84	32	0	0
349650	349650	deletion	1	15472008	15472009	16	chr16:15472008-15472009	4.74	132	21	0.159
888255	888255	deletion	1	61764753	61764754	8	chr8:61764753-61764754	4.71	31	0	0
937788	937788	deletion	1	132934933	132934934	9	chr9:132934933-132934934	4.63	30	0	0
708238	708238	deletion	1	9270268	9270269	4	chr4:9270268-9270269	4.58	49	4	0.0816
907897	907897	deletion	1	6669283	6669284	9	chr9:6669283-6669284	4.53	29	0	0
965123	965123	deletion	1	117964341	117964342	X	chrX:117964341-117964342	4.53	75	10	0.133
749184	749184	deletion	1	69717140	69717141	5	chr5:69717140-69717141	4.51	38	2	0.0526
